59
DQ447651|05DRC99|1999-05-XX                                             0.0000000 0.0003140 0.0003140 0.0003663 0.0004187 0.0003663 0.0005234 0.0003663 0.0004187 0.0005234 0.0004710 0.0005757 0.0012577 0.0019927 0.0022026 0.0033597 0.0033597 0.0080134 0.0080134 0.0080660 0.0082249 0.0073759 0.0089739 0.0090276 0.0085992 0.0085994 0.0090770 0.0115858 0.0115857 0.0120125 0.0106773 0.0104119 0.0108388 0.0104637 0.0844731 0.0844113 0.0843518 0.0842911 0.0842239 0.0844027 0.0845788 0.0844215 0.0844215 0.0843453 0.0846492 0.0848743 0.0913092 0.0908955 0.0910869 0.0882676 0.0853167 0.0853167 0.0804006 0.0822907 0.0842205 0.0852157 0.0843857 0.0845071 0.0841906 
JX458839|MARV/H.sapiens-tc/COD/2000/16DRC|2000-XX-XX                    0.0003140 0.0000000 0.0000010 0.0000523 0.0001046 0.0000523 0.0003140 0.0003663 0.0005234 0.0005234 0.0004710 0.0005757 0.0013627 0.0020979 0.0023078 0.0034652 0.0034652 0.0082261 0.0082261 0.0082787 0.0084376 0.0075883 0.0090807 0.0091344 0.0087059 0.0088124 0.0091838 0.0118001 0.0118000 0.0121199 0.0108911 0.0106257 0.0109460 0.0105708 0.0842997 0.0842379 0.0841783 0.0841177 0.0840505 0.0842293 0.0844053 0.0842481 0.0842481 0.0841718 0.0844757 0.0847005 0.0911339 0.0907814 0.0909741 0.0880933 0.0850862 0.0850862 0.0804046 0.0824159 0.0843459 0.0852200 0.0843899 0.0845114 0.0841949 
JX458838|MARV/H.sapiens-tc/COD/2000/17DRC|2000-XX-XX                    0.0003140 0.0000010 0.0000000 0.0000523 0.0001046 0.0000523 0.0003140 0.0003663 0.0005234 0.0005234 0.0004710 0.0005757 0.0013627 0.0020979 0.0023078 0.0034652 0.0034652 0.0082261 0.0082261 0.0082787 0.0084376 0.0075883 0.0090807 0.0091344 0.0087059 0.0088124 0.0091838 0.0118001 0.0118000 0.0121199 0.0108911 0.0106257 0.0109460 0.0105708 0.0842997 0.0842379 0.0841783 0.0841177 0.0840505 0.0842293 0.0844053 0.0842481 0.0842481 0.0841718 0.0844757 0.0847005 0.0911339 0.0907814 0.0909741 0.0880933 0.0850862 0.0850862 0.0804046 0.0824159 0.0843459 0.0852200 0.0843899 0.0845114 0.0841949 
JX458842|MARV/H.sapiens-tc/COD/2000/18DRC|2000-XX-XX                    0.0003663 0.0000523 0.0000523 0.0000000 0.0001570 0.0001046 0.0003663 0.0004187 0.0005757 0.0005757 0.0005234 0.0006281 0.0014152 0.0021504 0.0023603 0.0035178 0.0035178 0.0082791 0.0082791 0.0083318 0.0084907 0.0076413 0.0091338 0.0091875 0.0087590 0.0088655 0.0092369 0.0118534 0.0118533 0.0121733 0.0109444 0.0106789 0.0109992 0.0106240 0.0843592 0.0842974 0.0842379 0.0841772 0.0841100 0.0842888 0.0844649 0.0843076 0.0843076 0.0842314 0.0845353 0.0847602 0.0911942 0.0908425 0.0910345 0.0881532 0.0851459 0.0851459 0.0803435 0.0823545 0.0842843 0.0851583 0.0843283 0.0844497 0.0841333 
JX458843|MARV/H.sapiens-tc/COD/2000/21DRC|2000-XX-XX                    0.0004187 0.0001046 0.0001046 0.0001570 0.0000000 0.0000523 0.0002093 0.0004710 0.0006281 0.0006281 0.0005757 0.0006804 0.0014676 0.0022029 0.0024129 0.0035704 0.0035704 0.0083321 0.0083321 0.0083848 0.0085437 0.0076942 0.0091869 0.0092406 0.0088120 0.0089186 0.0092900 0.0119067 0.0119066 0.0122266 0.0109976 0.0107321 0.0110525 0.0106772 0.0844188 0.0843570 0.0842974 0.0842368 0.0841696 0.0843484 0.0845245 0.0843672 0.0843672 0.0842909 0.0845949 0.0848199 0.0912545 0.0909035 0.0910948 0.0882131 0.0852057 0.0852057 0.0805230 0.0825348 0.0844650 0.0853393 0.0845091 0.0846306 0.0843139 
JX458841|MARV/H.sapiens-tc/COD/2000/20DRC|2000-XX-XX                    0.0003663 0.0000523 0.0000523 0.0001046 0.0000523 0.0000000 0.0002616 0.0004187 0.0005757 0.0005757 0.0005234 0.0006281 0.0014152 0.0021504 0.0023603 0.0035178 0.0035178 0.0082791 0.0082791 0.0083318 0.0084907 0.0076413 0.0091338 0.0091875 0.0087590 0.0088655 0.0092369 0.0118534 0.0118533 0.0121733 0.0109444 0.0106789 0.0109992 0.0106240 0.0843592 0.0842974 0.0842379 0.0841772 0.0841100 0.0842888 0.0844649 0.0843076 0.0843076 0.0842314 0.0845353 0.0847602 0.0911942 0.0908425 0.0910345 0.0881532 0.0851459 0.0851459 0.0804638 0.0824754 0.0844055 0.0852796 0.0844495 0.0845710 0.0842544 
JX458848|MARV/H.sapiens-tc/COD/2000/22DRC|2000-XX-XX                    0.0005234 0.0003140 0.0003140 0.0003663 0.0002093 0.0002616 0.0000000 0.0006804 0.0007328 0.0008376 0.0007852 0.0008899 0.0016776 0.0024132 0.0026231 0.0037811 0.0037811 0.0083321 0.0083321 0.0083848 0.0085437 0.0076942 0.0093998 0.0094535 0.0090247 0.0090249 0.0095028 0.0120136 0.0120135 0.0124405 0.0111043 0.0108388 0.0112660 0.0108906 0.0846614 0.0845995 0.0845400 0.0844792 0.0844120 0.0845909 0.0847672 0.0846098 0.0846098 0.0845335 0.0848375 0.0850630 0.0915005 0.0910891 0.0912783 0.0884574 0.0854490 0.0854490 0.0807639 0.0827767 0.0845864 0.0855822 0.0847517 0.0848732 0.0845563 
JX458844|MARV/H.sapiens-tc/COD/2000/26DRC|2000-XX-XX                    0.0003663 0.0003663 0.0003663 0.0004187 0.0004710 0.0004187 0.0006804 0.0000000 0.0004710 0.0004710 0.0005234 0.0006281 0.0014152 0.0021504 0.0023603 0.0035177 0.0035177 0.0081727 0.0081727 0.0082254 0.0083843 0.0075350 0.0091336 0.0091873 0.0087588 0.0088653 0.0092367 0.0118531 0.0118530 0.0121730 0.0109441 0.0106786 0.0109990 0.0106238 0.0845349 0.0844731 0.0844135 0.0843528 0.0842856 0.0844644 0.0846406 0.0844833 0.0844833 0.0844070 0.0847110 0.0849362 0.0913719 0.0910223 0.0912123 0.0883298 0.0853786 0.0853786 0.0803415 0.0824733 0.0842822 0.0851562 0.0843260 0.0844474 0.0841312 
JX458836|MARV/H.sapiens-tc/COD/2000/29DRC|2000-XX-XX                    0.0004187 0.0005234 0.0005234 0.0005757 0.0006281 0.0005757 0.0007328 0.0004710 0.0000000 0.0001046 0.0006804 0.0007852 0.0015727 0.0023081 0.0025180 0.0036758 0.0036758 0.0082261 0.0082261 0.0082787 0.0084376 0.0075883 0.0092935 0.0093472 0.0089185 0.0089187 0.0093965 0.0119069 0.0119069 0.0123338 0.0109978 0.0107323 0.0111595 0.0107841 0.0845987 0.0845369 0.0844773 0.0844166 0.0843494 0.0845283 0.0847045 0.0845471 0.0845471 0.0844708 0.0847748 0.0850002 0.0914369 0.0910247 0.0912147 0.0883943 0.0854427 0.0854427 0.0805251 0.0825369 0.0843460 0.0853415 0.0843898 0.0845113 0.0843161 
JX458837|MARV/H.sapiens-tc/COD/2000/27DRC|2000-XX-XX                    0.0005234 0.0005234 0.0005234 0.0005757 0.0006281 0.0005757 0.0008376 0.0004710 0.0001046 0.0000000 0.0006804 0.0007852 0.0015726 0.0023081 0.0025180 0.0036757 0.0036757 0.0083321 0.0083321 0.0083848 0.0085437 0.0076942 0.0092933 0.0093470 0.0089184 0.0090249 0.0093963 0.0120136 0.0120135 0.0123335 0.0111043 0.0108388 0.0111592 0.0107839 0.0845967 0.0845348 0.0844753 0.0844146 0.0843473 0.0845262 0.0847024 0.0845451 0.0845451 0.0844688 0.0847728 0.0849981 0.0914346 0.0910858 0.0912751 0.0883921 0.0854406 0.0854406 0.0805231 0.0825349 0.0844651 0.0853394 0.0843877 0.0845092 0.0843140 
JX458845|MARV/H.sapiens-tc/COD/2000/13DRC|2000-XX-XX                    0.0004710 0.0004710 0.0004710 0.0005234 0.0005757 0.0005234 0.0007852 0.0005234 0.0006804 0.0006804 0.0000000 0.0006281 0.0015202 0.0022556 0.0024656 0.0036233 0.0036233 0.0082795 0.0082795 0.0083321 0.0084911 0.0076416 0.0091342 0.0091879 0.0087594 0.0088659 0.0092373 0.0118539 0.0118539 0.0121738 0.0109449 0.0106794 0.0109997 0.0106245 0.0845417 0.0844798 0.0844203 0.0843596 0.0842923 0.0844712 0.0846474 0.0844901 0.0844901 0.0844138 0.0847178 0.0849430 0.0913793 0.0909663 0.0912197 0.0883369 0.0853855 0.0853855 0.0804682 0.0824799 0.0844101 0.0852844 0.0844542 0.0845756 0.0842591 
JX458846|MARV/H.sapiens-tc/COD/2000/28DRC|2000-XX-XX                    0.0005757 0.0005757 0.0005757 0.0006281 0.0006804 0.0006281 0.0008899 0.0006281 0.0007852 0.0007852 0.0006281 0.0000000 0.0016252 0.0023608 0.0025708 0.0037287 0.0037287 0.0084921 0.0084921 0.0085448 0.0087037 0.0078540 0.0093473 0.0094010 0.0089722 0.0090788 0.0094503 0.0120680 0.0120679 0.0123880 0.0111586 0.0108930 0.0112135 0.0108381 0.0847855 0.0847237 0.0846641 0.0846033 0.0845361 0.0847150 0.0848913 0.0847339 0.0847339 0.0846575 0.0849617 0.0851874 0.0916266 0.0912801 0.0914672 0.0885825 0.0855082 0.0855082 0.0806461 0.0827230 0.0845891 0.0854635 0.0846332 0.0847547 0.0844379 
JX458847|MARV/H.sapiens-tc/COD/2000/15DRC|2000-XX-XX                    0.0012577 0.0013627 0.0013627 0.0014152 0.0014676 0.0014152 0.0016776 0.0014152 0.0015727 0.0015726 0.0015202 0.0016252 0.0000000 0.0014677 0.0020975 0.0032544 0.0032544 0.0080668 0.0080668 0.0081195 0.0082783 0.0074292 0.0089738 0.0090275 0.0084929 0.0085994 0.0089706 0.0115857 0.0115857 0.0119055 0.0106772 0.0104118 0.0107320 0.0102504 0.0845376 0.0844758 0.0844162 0.0843555 0.0842883 0.0844671 0.0846433 0.0844860 0.0844860 0.0844097 0.0847137 0.0849389 0.0914409 0.0910921 0.0912813 0.0883326 0.0853568 0.0853568 0.0804003 0.0824112 0.0845274 0.0854017 0.0845715 0.0846929 0.0843114 
JX458850|MARV/H.sapiens-tc/COD/2000/33DRC|2000-XX-XX                    0.0019927 0.0020979 0.0020979 0.0021504 0.0022029 0.0021504 0.0024132 0.0021504 0.0023081 0.0023081 0.0022556 0.0023608 0.0014677 0.0000000 0.0028336 0.0039919 0.0039919 0.0089172 0.0089172 0.0089699 0.0091289 0.0082786 0.0096129 0.0096667 0.0091313 0.0092378 0.0096094 0.0123347 0.0123346 0.0126548 0.0114249 0.0111592 0.0114799 0.0109975 0.0853265 0.0852646 0.0852049 0.0851442 0.0850768 0.0852558 0.0854325 0.0852749 0.0852749 0.0851984 0.0855027 0.0857295 0.0923073 0.0919060 0.0921483 0.0891358 0.0860350 0.0860350 0.0813682 0.0832625 0.0853812 0.0862568 0.0854256 0.0855472 0.0850431 
JX458849|MARV/H.sapiens-tc/COD/2000/25DRC|2000-XX-XX                    0.0022026 0.0023078 0.0023078 0.0023603 0.0024129 0.0023603 0.0026231 0.0023603 0.0025180 0.0025180 0.0024656 0.0025708 0.0020975 0.0028336 0.0000000 0.0027280 0.0027280 0.0076414 0.0076414 0.0076941 0.0078528 0.0070044 0.0084412 0.0084948 0.0079609 0.0080673 0.0084382 0.0110505 0.0110504 0.0113699 0.0101429 0.0098777 0.0101976 0.0097776 0.0840412 0.0839794 0.0839199 0.0838593 0.0837922 0.0839709 0.0841467 0.0839896 0.0839896 0.0839135 0.0842172 0.0844414 0.0908134 0.0904572 0.0906535 0.0877101 0.0848831 0.0848831 0.0794268 0.0815538 0.0836674 0.0845404 0.0837112 0.0838325 0.0834523 
JX458834|MARV/H.sapiens-tc/COD/2000/24DRC|2000-XX-XX                    0.0033597 0.0034652 0.0034652 0.0035178 0.0035704 0.0035178 0.0037811 0.0035177 0.0036758 0.0036757 0.0036233 0.0037287 0.0032544 0.0039919 0.0027280 0.0000000 0.0000010 0.0088096 0.0088096 0.0088623 0.0090213 0.0081712 0.0096115 0.0096653 0.0091300 0.0092365 0.0096080 0.0122260 0.0121731 0.0125460 0.0112097 0.0109981 0.0113714 0.0109960 0.0848361 0.0847743 0.0847147 0.0846540 0.0845867 0.0847656 0.0849420 0.0847846 0.0847846 0.0847082 0.0850123 0.0852381 0.0915539 0.0910183 0.0912711 0.0883795 0.0856717 0.0856717 0.0807528 0.0827651 0.0847608 0.0856354 0.0848050 0.0849265 0.0844235 
JX458835|MARV/H.sapiens-tc/COD/2000/23DRC|2000-XX-XX                    0.0033597 0.0034652 0.0034652 0.0035178 0.0035704 0.0035178 0.0037811 0.0035177 0.0036758 0.0036757 0.0036233 0.0037287 0.0032544 0.0039919 0.0027280 0.0000010 0.0000000 0.0088096 0.0088096 0.0088623 0.0090213 0.0081712 0.0096115 0.0096653 0.0091300 0.0092365 0.0096080 0.0122260 0.0121731 0.0125460 0.0112097 0.0109981 0.0113714 0.0109960 0.0848361 0.0847743 0.0847147 0.0846540 0.0845867 0.0847656 0.0849420 0.0847846 0.0847846 0.0847082 0.0850123 0.0852381 0.0915539 0.0910183 0.0912711 0.0883795 0.0856717 0.0856717 0.0807528 0.0827651 0.0847608 0.0856354 0.0848050 0.0849265 0.0844235 
DQ447650|07DRC99|1999-05-XX                                             0.0080134 0.0082261 0.0082261 0.0082791 0.0083321 0.0082791 0.0083321 0.0081727 0.0082261 0.0083321 0.0082795 0.0084921 0.0080668 0.0089172 0.0076414 0.0088096 0.0088096 0.0000000 0.0000010 0.0004710 0.0014663 0.0024124 0.0091325 0.0091862 0.0086515 0.0086516 0.0091292 0.0112636 0.0113703 0.0117968 0.0103557 0.0101970 0.0105694 0.0101961 0.0842058 0.0841441 0.0840845 0.0840239 0.0839568 0.0841355 0.0843114 0.0841542 0.0841542 0.0840781 0.0843818 0.0846063 0.0911679 0.0906892 0.0909456 0.0880628 0.0850564 0.0850564 0.0806087 0.0828228 0.0848751 0.0858712 0.0849191 0.0850406 0.0846674 
JX458830|MARV/H.sapiens-tc/COD/1999/06DRC|1999-XX-XX                    0.0080134 0.0082261 0.0082261 0.0082791 0.0083321 0.0082791 0.0083321 0.0081727 0.0082261 0.0083321 0.0082795 0.0084921 0.0080668 0.0089172 0.0076414 0.0088096 0.0088096 0.0000010 0.0000000 0.0004710 0.0014663 0.0024124 0.0091325 0.0091862 0.0086515 0.0086516 0.0091292 0.0112636 0.0113703 0.0117968 0.0103557 0.0101970 0.0105694 0.0101961 0.0842058 0.0841441 0.0840845 0.0840239 0.0839568 0.0841355 0.0843114 0.0841542 0.0841542 0.0840781 0.0843818 0.0846063 0.0911679 0.0906892 0.0909456 0.0880628 0.0850564 0.0850564 0.0806087 0.0828228 0.0848751 0.0858712 0.0849191 0.0850406 0.0846674 
JX458831|MARV/H.sapiens-tc/COD/2000/14DRC|2000-XX-XX                    0.0080660 0.0082787 0.0082787 0.0083318 0.0083848 0.0083318 0.0083848 0.0082254 0.0082787 0.0083848 0.0083321 0.0085448 0.0081195 0.0089699 0.0076941 0.0088623 0.0088623 0.0004710 0.0004710 0.0000000 0.0015187 0.0024648 0.0091852 0.0092389 0.0087041 0.0087043 0.0091819 0.0113164 0.0114231 0.0118496 0.0104084 0.0102498 0.0106222 0.0102488 0.0843269 0.0842652 0.0842056 0.0841450 0.0840778 0.0842565 0.0844325 0.0842753 0.0842753 0.0841991 0.0845029 0.0847277 0.0912247 0.0907467 0.0910024 0.0879970 0.0849911 0.0849911 0.0806648 0.0828791 0.0849314 0.0859275 0.0849754 0.0850969 0.0847237 
JX458832|MARV/H.sapiens-tc/COD/2000/30DRC|2000-XX-XX                    0.0082249 0.0084376 0.0084376 0.0084907 0.0085437 0.0084907 0.0085437 0.0083843 0.0084376 0.0085437 0.0084911 0.0087037 0.0082783 0.0091289 0.0078528 0.0090213 0.0090213 0.0014663 0.0014663 0.0015187 0.0000000 0.0026223 0.0093444 0.0093981 0.0088631 0.0088633 0.0093410 0.0116368 0.0116367 0.0120634 0.0106217 0.0104630 0.0108898 0.0104082 0.0845130 0.0844512 0.0843917 0.0843310 0.0842638 0.0844426 0.0846187 0.0844614 0.0844614 0.0843852 0.0846891 0.0849142 0.0914137 0.0908768 0.0911915 0.0882979 0.0854124 0.0854124 0.0809618 0.0831774 0.0851091 0.0861055 0.0851531 0.0852747 0.0849013 
JX458833|MARV/H.sapiens-tc/COD/1999/01DRC|1999-XX-XX                    0.0073759 0.0075883 0.0075883 0.0076413 0.0076942 0.0076413 0.0076942 0.0075350 0.0075883 0.0076942 0.0076416 0.0078540 0.0074292 0.0082786 0.0070044 0.0081712 0.0081712 0.0024124 0.0024124 0.0024648 0.0026223 0.0000000 0.0084934 0.0085470 0.0080131 0.0080133 0.0084904 0.0107825 0.0107825 0.0112086 0.0097690 0.0096104 0.0100366 0.0094494 0.0838796 0.0838178 0.0837583 0.0836977 0.0836306 0.0838093 0.0839850 0.0838280 0.0838280 0.0837519 0.0840555 0.0842794 0.0907721 0.0903522 0.0905495 0.0874975 0.0845588 0.0845588 0.0798757 0.0820862 0.0840151 0.0850097 0.0840588 0.0841801 0.0838080 
JX458826|MARV/H.sapiens-tc/COD/1999/03DRC|1999-XX-XX                    0.0089739 0.0090807 0.0090807 0.0091338 0.0091869 0.0091338 0.0093998 0.0091336 0.0092935 0.0092933 0.0091342 0.0093473 0.0089738 0.0096129 0.0084412 0.0096115 0.0096115 0.0091325 0.0091325 0.0091852 0.0093444 0.0084934 0.0000000 0.0003663 0.0024656 0.0025708 0.0029386 0.0119099 0.0119099 0.0121229 0.0110006 0.0107346 0.0111623 0.0107868 0.0848882 0.0848263 0.0847667 0.0847059 0.0846386 0.0848176 0.0849941 0.0848366 0.0848366 0.0847602 0.0850645 0.0852905 0.0916762 0.0912665 0.0915167 0.0883203 0.0856110 0.0856110 0.0805783 0.0829533 0.0852249 0.0859787 0.0852692 0.0853909 0.0848554 
JX458825|MARV/H.sapiens-tc/COD/1999/04DRC|1999-XX-XX                    0.0090276 0.0091344 0.0091344 0.0091875 0.0092406 0.0091875 0.0094535 0.0091873 0.0093472 0.0093470 0.0091879 0.0094010 0.0090275 0.0096667 0.0084948 0.0096653 0.0096653 0.0091862 0.0091862 0.0092389 0.0093981 0.0085470 0.0003663 0.0000000 0.0025183 0.0026235 0.0029914 0.0119640 0.0119640 0.0121771 0.0110546 0.0107886 0.0112163 0.0108408 0.0848326 0.0847707 0.0847111 0.0846504 0.0845831 0.0847621 0.0849385 0.0847810 0.0847810 0.0847046 0.0850089 0.0852348 0.0916203 0.0912099 0.0914607 0.0881422 0.0854334 0.0854334 0.0804026 0.0828978 0.0851694 0.0859232 0.0852137 0.0853353 0.0847999 
JX458828|MARV/H.sapiens-tc/COD/2000/19DRC|2000-XX-XX                    0.0085992 0.0087059 0.0087059 0.0087590 0.0088120 0.0087590 0.0090247 0.0087588 0.0089185 0.0089184 0.0087594 0.0089722 0.0084929 0.0091313 0.0079609 0.0091300 0.0091300 0.0086515 0.0086515 0.0087041 0.0088631 0.0080131 0.0024656 0.0025183 0.0000000 0.0002093 0.0005757 0.0114256 0.0114256 0.0116385 0.0105174 0.0102517 0.0106788 0.0103038 0.0847360 0.0846742 0.0846146 0.0845539 0.0844866 0.0846655 0.0848419 0.0846844 0.0846844 0.0846081 0.0849122 0.0851379 0.0915196 0.0911717 0.0913601 0.0879217 0.0853366 0.0853366 0.0802523 0.0823830 0.0847735 0.0856482 0.0848176 0.0849392 0.0844046 
JX458827|MARV/H.sapiens-tc/COD/2000/32DRC|2000-XX-XX                    0.0085994 0.0088124 0.0088124 0.0088655 0.0089186 0.0088655 0.0090249 0.0088653 0.0089187 0.0090249 0.0088659 0.0090788 0.0085994 0.0092378 0.0080673 0.0092365 0.0092365 0.0086516 0.0086516 0.0087043 0.0088633 0.0080133 0.0025708 0.0026235 0.0002093 0.0000000 0.0006804 0.0114259 0.0114258 0.0117456 0.0105176 0.0102519 0.0107857 0.0104107 0.0848596 0.0847978 0.0847382 0.0846774 0.0846102 0.0847891 0.0849655 0.0848080 0.0848080 0.0847317 0.0850358 0.0852618 0.0916451 0.0912354 0.0914230 0.0880461 0.0854605 0.0854605 0.0803747 0.0825060 0.0847758 0.0857720 0.0849413 0.0850628 0.0845280 
JX458829|MARV/H.sapiens-tc/COD/2000/34DRC|2000-XX-XX                    0.0090770 0.0091838 0.0091838 0.0092369 0.0092900 0.0092369 0.0095028 0.0092367 0.0093965 0.0093963 0.0092373 0.0094503 0.0089706 0.0096094 0.0084382 0.0096080 0.0096080 0.0091292 0.0091292 0.0091819 0.0093410 0.0084904 0.0029386 0.0029914 0.0005757 0.0006804 0.0000000 0.0116918 0.0116918 0.0119047 0.0107832 0.0105174 0.0109447 0.0106762 0.0848461 0.0847842 0.0847246 0.0846639 0.0845967 0.0847756 0.0849520 0.0847945 0.0847945 0.0847181 0.0850223 0.0852481 0.0916304 0.0912839 0.0914709 0.0881540 0.0855685 0.0855685 0.0805465 0.0827992 0.0851910 0.0860662 0.0852353 0.0853569 0.0848217 
FJ750958|Uganda371Bat2007|2007-XX-XX                                    0.0115858 0.0118001 0.0118001 0.0118534 0.0119067 0.0118534 0.0120136 0.0118531 0.0119069 0.0120136 0.0118539 0.0120680 0.0115857 0.0123347 0.0110505 0.0122260 0.0122260 0.0112636 0.0112636 0.0113164 0.0116368 0.0107825 0.0119099 0.0119640 0.0114256 0.0114259 0.0116918 0.0000000 0.0016774 0.0018873 0.0036233 0.0063178 0.0069000 0.0074295 0.0865527 0.0864906 0.0864309 0.0863699 0.0863023 0.0864818 0.0866594 0.0865011 0.0865011 0.0864242 0.0867294 0.0869587 0.0934797 0.0928925 0.0931879 0.0900777 0.0873865 0.0873865 0.0826574 0.0843675 0.0868590 0.0877369 0.0867578 0.0867578 0.0864631 
FJ750959|Uganda331Bat2007|2007-XX-XX                                    0.0115857 0.0118000 0.0118000 0.0118533 0.0119066 0.0118533 0.0120135 0.0118530 0.0119069 0.0120135 0.0118539 0.0120679 0.0115857 0.0123346 0.0110504 0.0121731 0.0121731 0.0113703 0.0113703 0.0114231 0.0116367 0.0107825 0.0119099 0.0119640 0.0114256 0.0114258 0.0116918 0.0016774 0.0000000 0.0020974 0.0036233 0.0062119 0.0069000 0.0074295 0.0863332 0.0862711 0.0862114 0.0861505 0.0860829 0.0862623 0.0864398 0.0862816 0.0862816 0.0862047 0.0865098 0.0867386 0.0932322 0.0927084 0.0929402 0.0897096 0.0870197 0.0870197 0.0825359 0.0842456 0.0867366 0.0876143 0.0866353 0.0866353 0.0862190 
JX458854|MARV/R.aegyptiacus-tc/UGA/2009/1175Qbat|2009-XX-XX             0.0120125 0.0121199 0.0121199 0.0121733 0.0122266 0.0121733 0.0124405 0.0121730 0.0123338 0.0123335 0.0121738 0.0123880 0.0119055 0.0126548 0.0113699 0.0125460 0.0125460 0.0117968 0.0117968 0.0118496 0.0120634 0.0112086 0.0121229 0.0121771 0.0116385 0.0117456 0.0119047 0.0018873 0.0020974 0.0000000 0.0040446 0.0067409 0.0072175 0.0076411 0.0866911 0.0866291 0.0865693 0.0865083 0.0864407 0.0866202 0.0867979 0.0866396 0.0866396 0.0864407 0.0868678 0.0870973 0.0934712 0.0930138 0.0932422 0.0902159 0.0875006 0.0875006 0.0827709 0.0844812 0.0869727 0.0877288 0.0867497 0.0867497 0.0863335 
JX458852|MARV/R.aegyptiacus-tc/UGA/2008/53Qbat|2008-XX-XX               0.0106773 0.0108911 0.0108911 0.0109444 0.0109976 0.0109444 0.0111043 0.0109441 0.0109978 0.0111043 0.0109449 0.0111586 0.0106772 0.0114249 0.0101429 0.0112097 0.0112097 0.0103557 0.0103557 0.0104084 0.0106217 0.0097690 0.0110006 0.0110546 0.0105174 0.0105176 0.0107832 0.0036233 0.0036233 0.0040446 0.0000000 0.0054181 0.0059995 0.0065282 0.0858368 0.0857748 0.0857151 0.0856542 0.0855867 0.0857660 0.0859431 0.0857852 0.0857852 0.0857085 0.0860132 0.0862411 0.0927375 0.0922321 0.0924691 0.0889645 0.0862778 0.0862778 0.0814400 0.0831452 0.0856321 0.0865081 0.0855305 0.0856522 0.0852373 
FJ750957|Uganda01Uga07|2007-XX-XX                                       0.0104119 0.0106257 0.0106257 0.0106789 0.0107321 0.0106789 0.0108388 0.0106786 0.0107323 0.0108388 0.0106794 0.0108930 0.0104118 0.0111592 0.0098777 0.0109981 0.0109981 0.0101970 0.0101970 0.0102498 0.0104630 0.0096104 0.0107346 0.0107886 0.0102517 0.0102519 0.0105174 0.0063178 0.0062119 0.0067409 0.0054181 0.0000000 0.0037291 0.0062643 0.0861354 0.0860734 0.0860136 0.0859528 0.0858853 0.0859428 0.0862418 0.0860838 0.0860838 0.0860070 0.0863119 0.0865403 0.0928157 0.0923484 0.0925236 0.0894849 0.0867963 0.0867963 0.0820097 0.0838252 0.0862054 0.0870822 0.0862256 0.0863475 0.0858104 
JX458855|MARV/R.aegyptiacus-tc/UGA/2009/843Qbat|2009-XX-XX              0.0108388 0.0109460 0.0109460 0.0109992 0.0110525 0.0109992 0.0112660 0.0109990 0.0111595 0.0111592 0.0109997 0.0112135 0.0107320 0.0114799 0.0101976 0.0113714 0.0113714 0.0105694 0.0105694 0.0106222 0.0108898 0.0100366 0.0111623 0.0112163 0.0106788 0.0107857 0.0109447 0.0069000 0.0069000 0.0072175 0.0059995 0.0037291 0.0000000 0.0065820 0.0862031 0.0861411 0.0860814 0.0860205 0.0859530 0.0861323 0.0863096 0.0861516 0.0861516 0.0860748 0.0863797 0.0866082 0.0928849 0.0925432 0.0926557 0.0890636 0.0862548 0.0862548 0.0818316 0.0834687 0.0860259 0.0867807 0.0858029 0.0859247 0.0857527 
JX458856|MARV/R.aegyptiacus-tc/UGA/2009/914Qbat|2009-XX-XX              0.0104637 0.0105708 0.0105708 0.0106240 0.0106772 0.0106240 0.0108906 0.0106238 0.0107841 0.0107839 0.0106245 0.0108381 0.0102504 0.0109975 0.0097776 0.0109960 0.0109960 0.0101961 0.0101961 0.0102488 0.0104082 0.0094494 0.0107868 0.0108408 0.0103038 0.0104107 0.0106762 0.0074295 0.0074295 0.0076411 0.0065282 0.0062643 0.0065820 0.0000000 0.0858489 0.0857869 0.0857272 0.0856664 0.0855990 0.0857781 0.0859552 0.0857973 0.0857973 0.0857206 0.0860253 0.0862532 0.0926722 0.0921399 0.0924429 0.0892778 0.0863639 0.0863639 0.0814926 0.0835083 0.0859278 0.0865607 0.0858508 0.0859725 0.0855328 
DQ447658|Ang0215|2005-04-XX                                             0.0844731 0.0842997 0.0842997 0.0843592 0.0844188 0.0843592 0.0846614 0.0845349 0.0845987 0.0845967 0.0845417 0.0847855 0.0845376 0.0853265 0.0840412 0.0848361 0.0848361 0.0842058 0.0842058 0.0843269 0.0845130 0.0838796 0.0848882 0.0848326 0.0847360 0.0848596 0.0848461 0.0865527 0.0863332 0.0866911 0.0858368 0.0861354 0.0862031 0.0858489 0.0000000 0.0000523 0.0001046 0.0002616 0.0002093 0.0003663 0.0001570 0.0001570 0.0001570 0.0003140 0.0006804 0.0004191 0.0215464 0.0213844 0.0215649 0.0369014 0.0353425 0.0353425 0.0765928 0.0774206 0.0790361 0.0790215 0.0794643 0.0794643 0.0787855 
DQ447655|Ang1386|2005-03-XX                                             0.0844113 0.0842379 0.0842379 0.0842974 0.0843570 0.0842974 0.0845995 0.0844731 0.0845369 0.0845348 0.0844798 0.0847237 0.0844758 0.0852646 0.0839794 0.0847743 0.0847743 0.0841441 0.0841441 0.0842652 0.0844512 0.0838178 0.0848263 0.0847707 0.0846742 0.0847978 0.0847842 0.0864906 0.0862711 0.0866291 0.0857748 0.0860734 0.0861411 0.0857869 0.0000523 0.0000000 0.0000523 0.0002093 0.0001570 0.0003140 0.0002093 0.0001046 0.0001046 0.0002616 0.0006281 0.0003667 0.0214917 0.0214393 0.0216191 0.0368451 0.0352863 0.0352863 0.0765320 0.0773597 0.0789750 0.0789604 0.0794031 0.0794031 0.0787244 
DQ447653|Ang1379c|2005-03-XX                                            0.0843518 0.0841783 0.0841783 0.0842379 0.0842974 0.0842379 0.0845400 0.0844135 0.0844773 0.0844753 0.0844203 0.0846641 0.0844162 0.0852049 0.0839199 0.0847147 0.0847147 0.0840845 0.0840845 0.0842056 0.0843917 0.0837583 0.0847667 0.0847111 0.0846146 0.0847382 0.0847246 0.0864309 0.0862114 0.0865693 0.0857151 0.0860136 0.0860814 0.0857272 0.0001046 0.0000523 0.0000000 0.0001570 0.0001046 0.0002616 0.0001570 0.0000523 0.0000523 0.0002093 0.0005757 0.0003143 0.0214917 0.0214393 0.0216191 0.0367897 0.0352310 0.0352310 0.0764732 0.0773007 0.0789159 0.0789013 0.0793440 0.0793440 0.0786654 
DQ447656|Ang0126|2005-04-XX                                             0.0842911 0.0841177 0.0841177 0.0841772 0.0842368 0.0841772 0.0844792 0.0843528 0.0844166 0.0844146 0.0843596 0.0846033 0.0843555 0.0851442 0.0838593 0.0846540 0.0846540 0.0840239 0.0840239 0.0841450 0.0843310 0.0836977 0.0847059 0.0846504 0.0845539 0.0846774 0.0846639 0.0863699 0.0861505 0.0865083 0.0856542 0.0859528 0.0860205 0.0856664 0.0002616 0.0002093 0.0001570 0.0000000 0.0000523 0.0002093 0.0003140 0.0002093 0.0002093 0.0001570 0.0005234 0.0004715 0.0213812 0.0213275 0.0215085 0.0367916 0.0352328 0.0352328 0.0764134 0.0772407 0.0788558 0.0788413 0.0792838 0.0792838 0.0786054 
DQ447654|Ang1381|2005-03-XX                                             0.0842239 0.0840505 0.0840505 0.0841100 0.0841696 0.0841100 0.0844120 0.0842856 0.0843494 0.0843473 0.0842923 0.0845361 0.0842883 0.0850768 0.0837922 0.0845867 0.0845867 0.0839568 0.0839568 0.0840778 0.0842638 0.0836306 0.0846386 0.0845831 0.0844866 0.0846102 0.0845967 0.0863023 0.0860829 0.0864407 0.0855867 0.0858853 0.0859530 0.0855990 0.0002093 0.0001570 0.0001046 0.0000523 0.0000000 0.0001570 0.0002616 0.0001570 0.0001570 0.0001046 0.0004710 0.0004191 0.0213812 0.0213275 0.0215085 0.0367330 0.0351744 0.0351744 0.0763477 0.0771748 0.0787897 0.0787751 0.0792176 0.0792176 0.0785393 
DQ447660|Ang0998|2005-05-XX                                             0.0844027 0.0842293 0.0842293 0.0842888 0.0843484 0.0842888 0.0845909 0.0844644 0.0845283 0.0845262 0.0844712 0.0847150 0.0844671 0.0852558 0.0839709 0.0847656 0.0847656 0.0841355 0.0841355 0.0842565 0.0844426 0.0838093 0.0848176 0.0847621 0.0846655 0.0847891 0.0847756 0.0864818 0.0862623 0.0866202 0.0857660 0.0859428 0.0861323 0.0857781 0.0003663 0.0003140 0.0002616 0.0002093 0.0001570 0.0000000 0.0004187 0.0003140 0.0003140 0.0002616 0.0006281 0.0005763 0.0215438 0.0214921 0.0216713 0.0368992 0.0353404 0.0353404 0.0765242 0.0773518 0.0789669 0.0789523 0.0793950 0.0793950 0.0787164 
DQ447657|Ang0214|2005-04-XX                                             0.0845788 0.0844053 0.0844053 0.0844649 0.0845245 0.0844649 0.0847672 0.0846406 0.0847045 0.0847024 0.0846474 0.0848913 0.0846433 0.0854325 0.0841467 0.0849420 0.0849420 0.0843114 0.0843114 0.0844325 0.0846187 0.0839850 0.0849941 0.0849385 0.0848419 0.0849655 0.0849520 0.0866594 0.0864398 0.0867979 0.0859431 0.0862418 0.0863096 0.0859552 0.0001570 0.0002093 0.0001570 0.0003140 0.0002616 0.0004187 0.0000000 0.0002093 0.0002093 0.0003663 0.0007328 0.0004715 0.0216721 0.0215116 0.0216907 0.0369830 0.0354232 0.0354232 0.0766948 0.0775232 0.0791393 0.0791247 0.0795676 0.0795676 0.0788885 
KR867677|Marburgvirus/H.sapiens-tc/AGO/2005/Angola-200501379|2005-13-03 0.0844215 0.0842481 0.0842481 0.0843076 0.0843672 0.0843076 0.0846098 0.0844833 0.0845471 0.0845451 0.0844901 0.0847339 0.0844860 0.0852749 0.0839896 0.0847846 0.0847846 0.0841542 0.0841542 0.0842753 0.0844614 0.0838280 0.0848366 0.0847810 0.0846844 0.0848080 0.0847945 0.0865011 0.0862816 0.0866396 0.0857852 0.0860838 0.0861516 0.0857973 0.0001570 0.0001046 0.0000523 0.0002093 0.0001570 0.0003140 0.0002093 0.0000000 0.0000010 0.0002616 0.0006281 0.0002619 0.0214917 0.0214393 0.0216191 0.0368494 0.0351726 0.0351726 0.0764106 0.0772380 0.0789845 0.0789699 0.0794126 0.0794126 0.0787339 
KR063674|Marburgvirus/H.sapiens-tc/AGO/2005/Angola-810820|2005-13-03    0.0844215 0.0842481 0.0842481 0.0843076 0.0843672 0.0843076 0.0846098 0.0844833 0.0845471 0.0845451 0.0844901 0.0847339 0.0844860 0.0852749 0.0839896 0.0847846 0.0847846 0.0841542 0.0841542 0.0842753 0.0844614 0.0838280 0.0848366 0.0847810 0.0846844 0.0848080 0.0847945 0.0865011 0.0862816 0.0866396 0.0857852 0.0860838 0.0861516 0.0857973 0.0001570 0.0001046 0.0000523 0.0002093 0.0001570 0.0003140 0.0002093 0.0000010 0.0000000 0.0002616 0.0006281 0.0002619 0.0214917 0.0214393 0.0216191 0.0368494 0.0351726 0.0351726 0.0764106 0.0772380 0.0789845 0.0789699 0.0794126 0.0794126 0.0787339 
KY047763|Marburgvirus/H.sapiens-tc/AGO/2005/Angola-368|2005-XX-XX       0.0843453 0.0841718 0.0841718 0.0842314 0.0842909 0.0842314 0.0845335 0.0844070 0.0844708 0.0844688 0.0844138 0.0846575 0.0844097 0.0851984 0.0839135 0.0847082 0.0847082 0.0840781 0.0840781 0.0841991 0.0843852 0.0837519 0.0847602 0.0847046 0.0846081 0.0847317 0.0847181 0.0864242 0.0862047 0.0864407 0.0857085 0.0860070 0.0860748 0.0857206 0.0003140 0.0002616 0.0002093 0.0001570 0.0001046 0.0002616 0.0003663 0.0002616 0.0002616 0.0000000 0.0005757 0.0005239 0.0214901 0.0214377 0.0216175 0.0368447 0.0352859 0.0352859 0.0764673 0.0772948 0.0789099 0.0788953 0.0793379 0.0793379 0.0786593 
DQ447659|Ang0754|2005-04-XX                                             0.0846492 0.0844757 0.0844757 0.0845353 0.0845949 0.0845353 0.0848375 0.0847110 0.0847748 0.0847728 0.0847178 0.0849617 0.0847137 0.0855027 0.0842172 0.0850123 0.0850123 0.0843818 0.0843818 0.0845029 0.0846891 0.0840555 0.0850645 0.0850089 0.0849122 0.0850358 0.0850223 0.0867294 0.0865098 0.0868678 0.0860132 0.0863119 0.0863797 0.0860253 0.0006804 0.0006281 0.0005757 0.0005234 0.0004710 0.0006281 0.0007328 0.0006281 0.0006281 0.0005757 0.0000000 0.0008909 0.0217624 0.0217134 0.0218901 0.0371241 0.0354533 0.0354533 0.0767668 0.0775950 0.0792108 0.0791961 0.0796390 0.0796390 0.0788400 
KU978782|Angolaprototype20051379|2005-01-01                             0.0848743 0.0847005 0.0847005 0.0847602 0.0848199 0.0847602 0.0850630 0.0849362 0.0850002 0.0849981 0.0849430 0.0851874 0.0849389 0.0857295 0.0844414 0.0852381 0.0852381 0.0846063 0.0846063 0.0847277 0.0849142 0.0842794 0.0852905 0.0852348 0.0851379 0.0852618 0.0852481 0.0869587 0.0867386 0.0870973 0.0862411 0.0865403 0.0866082 0.0862532 0.0004191 0.0003667 0.0003143 0.0004715 0.0004191 0.0005763 0.0004715 0.0002619 0.0002619 0.0005239 0.0008909 0.0000000 0.0214917 0.0214393 0.0216191 0.0367804 0.0353703 0.0353703 0.0768422 0.0776719 0.0794252 0.0794105 0.0798543 0.0798543 0.0791738 
OL702894|MARV001|2021-09-08                                             0.0913092 0.0911339 0.0911339 0.0911942 0.0912545 0.0911942 0.0915005 0.0913719 0.0914369 0.0914346 0.0913793 0.0916266 0.0914409 0.0923073 0.0908134 0.0915539 0.0915539 0.0911679 0.0911679 0.0912247 0.0914137 0.0907721 0.0916762 0.0916203 0.0915196 0.0916451 0.0916304 0.0934797 0.0932322 0.0934712 0.0927375 0.0928157 0.0928849 0.0926722 0.0215464 0.0214917 0.0214917 0.0213812 0.0213812 0.0215438 0.0216721 0.0214917 0.0214917 0.0214901 0.0217624 0.0214917 0.0000000 0.0027152 0.0027894 0.0444411 0.0421353 0.0421353 0.0830263 0.0836310 0.0851034 0.0849658 0.0855941 0.0855941 0.0851327 
Ghana-MV-22-106|2022-06-XX                                              0.0908955 0.0907814 0.0907814 0.0908425 0.0909035 0.0908425 0.0910891 0.0910223 0.0910247 0.0910858 0.0909663 0.0912801 0.0910921 0.0919060 0.0904572 0.0910183 0.0910183 0.0906892 0.0906892 0.0907467 0.0908768 0.0903522 0.0912665 0.0912099 0.0911717 0.0912354 0.0912839 0.0928925 0.0927084 0.0930138 0.0922321 0.0923484 0.0925432 0.0921399 0.0213844 0.0214393 0.0214393 0.0213275 0.0213275 0.0214921 0.0215116 0.0214393 0.0214393 0.0214377 0.0217134 0.0214393 0.0027152 0.0000000 0.0001595 0.0447650 0.0421416 0.0421416 0.0833644 0.0840299 0.0850820 0.0849470 0.0855878 0.0855272 0.0852469 
Ghana-MV-22-114C|2022-06-XX                                             0.0910869 0.0909741 0.0909741 0.0910345 0.0910948 0.0910345 0.0912783 0.0912123 0.0912147 0.0912751 0.0912197 0.0914672 0.0912813 0.0921483 0.0906535 0.0912711 0.0912711 0.0909456 0.0909456 0.0910024 0.0911915 0.0905495 0.0915167 0.0914607 0.0913601 0.0914230 0.0914709 0.0931879 0.0929402 0.0932422 0.0924691 0.0925236 0.0926557 0.0924429 0.0215649 0.0216191 0.0216191 0.0215085 0.0215085 0.0216713 0.0216907 0.0216191 0.0216191 0.0216175 0.0218901 0.0216191 0.0027894 0.0001595 0.0000000 0.0445622 0.0421402 0.0421402 0.0832253 0.0839526 0.0849999 0.0849241 0.0855529 0.0855529 0.0850911 
MN258361|PREDICT_SLAB3960Kakbat_SL_2017|2017-12-06                      0.0882676 0.0880933 0.0880933 0.0881532 0.0882131 0.0881532 0.0884574 0.0883298 0.0883943 0.0883921 0.0883369 0.0885825 0.0883326 0.0891358 0.0877101 0.0883795 0.0883795 0.0880628 0.0880628 0.0879970 0.0882979 0.0874975 0.0883203 0.0881422 0.0879217 0.0880461 0.0881540 0.0900777 0.0897096 0.0902159 0.0889645 0.0894849 0.0890636 0.0892778 0.0369014 0.0368451 0.0367897 0.0367916 0.0367330 0.0368992 0.0369830 0.0368494 0.0368494 0.0368447 0.0371241 0.0367804 0.0444411 0.0447650 0.0445622 0.0000000 0.0282229 0.0282229 0.0787340 0.0794773 0.0821008 0.0823270 0.0825232 0.0825232 0.0818388 
MN187403|1000KasbatSL2018|2018-XX-XX                                    0.0853167 0.0850862 0.0850862 0.0851459 0.0852057 0.0851459 0.0854490 0.0853786 0.0854427 0.0854406 0.0853855 0.0855082 0.0853568 0.0860350 0.0848831 0.0856717 0.0856717 0.0850564 0.0850564 0.0849911 0.0854124 0.0845588 0.0856110 0.0854334 0.0853366 0.0854605 0.0855685 0.0873865 0.0870197 0.0875006 0.0862778 0.0867963 0.0862548 0.0863639 0.0353425 0.0352863 0.0352310 0.0352328 0.0351744 0.0353404 0.0354232 0.0351726 0.0351726 0.0352859 0.0354533 0.0353703 0.0421353 0.0421416 0.0421402 0.0282229 0.0000000 0.0000010 0.0770143 0.0787158 0.0807149 0.0804414 0.0813044 0.0813044 0.0800050 
MN187404|968KasbatSL2018|2018-XX-XX                                     0.0853167 0.0850862 0.0850862 0.0851459 0.0852057 0.0851459 0.0854490 0.0853786 0.0854427 0.0854406 0.0853855 0.0855082 0.0853568 0.0860350 0.0848831 0.0856717 0.0856717 0.0850564 0.0850564 0.0849911 0.0854124 0.0845588 0.0856110 0.0854334 0.0853366 0.0854605 0.0855685 0.0873865 0.0870197 0.0875006 0.0862778 0.0867963 0.0862548 0.0863639 0.0353425 0.0352863 0.0352310 0.0352328 0.0351744 0.0353404 0.0354232 0.0351726 0.0351726 0.0352859 0.0354533 0.0353703 0.0421353 0.0421416 0.0421402 0.0282229 0.0000010 0.0000000 0.0770143 0.0787158 0.0807149 0.0804414 0.0813044 0.0813044 0.0800050 
EF446132|Germany_Marburg|1967-XX-XX                                     0.0804006 0.0804046 0.0804046 0.0803435 0.0805230 0.0804638 0.0807639 0.0803415 0.0805251 0.0805231 0.0804682 0.0806461 0.0804003 0.0813682 0.0794268 0.0807528 0.0807528 0.0806087 0.0806087 0.0806648 0.0809618 0.0798757 0.0805783 0.0804026 0.0802523 0.0803747 0.0805465 0.0826574 0.0825359 0.0827709 0.0814400 0.0820097 0.0818316 0.0814926 0.0765928 0.0765320 0.0764732 0.0764134 0.0763477 0.0765242 0.0766948 0.0764106 0.0764106 0.0764673 0.0767668 0.0768422 0.0830263 0.0833644 0.0832253 0.0787340 0.0770143 0.0770143 0.0000000 0.0203273 0.0215577 0.0220440 0.0220465 0.0221552 0.0207509 
JN408064|Leiden|2008-XX-XX                                              0.0822907 0.0824159 0.0824159 0.0823545 0.0825348 0.0824754 0.0827767 0.0824733 0.0825369 0.0825349 0.0824799 0.0827230 0.0824112 0.0832625 0.0815538 0.0827651 0.0827651 0.0828228 0.0828228 0.0828791 0.0831774 0.0820862 0.0829533 0.0828978 0.0823830 0.0825060 0.0827992 0.0843675 0.0842456 0.0844812 0.0831452 0.0838252 0.0834687 0.0835083 0.0774206 0.0773597 0.0773007 0.0772407 0.0771748 0.0773518 0.0775232 0.0772380 0.0772380 0.0772948 0.0775950 0.0776719 0.0836310 0.0840299 0.0839526 0.0794773 0.0787158 0.0787158 0.0203273 0.0000000 0.0230036 0.0234916 0.0232760 0.0233851 0.0220700 
JX458853|MARV/R.aegyptiacus-tc/UGA/2008/164Qbat|2008-XX-XX              0.0842205 0.0843459 0.0843459 0.0842843 0.0844650 0.0844055 0.0845864 0.0842822 0.0843460 0.0844651 0.0844101 0.0845891 0.0845274 0.0853812 0.0836674 0.0847608 0.0847608 0.0848751 0.0848751 0.0849314 0.0851091 0.0840151 0.0852249 0.0851694 0.0847735 0.0847758 0.0851910 0.0868590 0.0867366 0.0869727 0.0856321 0.0862054 0.0860259 0.0859278 0.0790361 0.0789750 0.0789159 0.0788558 0.0787897 0.0789669 0.0791393 0.0789845 0.0789845 0.0789099 0.0792108 0.0794252 0.0851034 0.0850820 0.0849999 0.0821008 0.0807149 0.0807149 0.0215577 0.0230036 0.0000000 0.0050451 0.0061557 0.0062615 0.0140450 
JX458858|MARV/R.aegyptiacus-tc/UGA/2009/1328Qbat|2009-XX-XX             0.0852157 0.0852200 0.0852200 0.0851583 0.0853393 0.0852796 0.0855822 0.0851562 0.0853415 0.0853394 0.0852844 0.0854635 0.0854017 0.0862568 0.0845404 0.0856354 0.0856354 0.0858712 0.0858712 0.0859275 0.0861055 0.0850097 0.0859787 0.0859232 0.0856482 0.0857720 0.0860662 0.0877369 0.0876143 0.0877288 0.0865081 0.0870822 0.0867807 0.0865607 0.0790215 0.0789604 0.0789013 0.0788413 0.0787751 0.0789523 0.0791247 0.0789699 0.0789699 0.0788953 0.0791961 0.0794105 0.0849658 0.0849470 0.0849241 0.0823270 0.0804414 0.0804414 0.0220440 0.0234916 0.0050451 0.0000000 0.0067901 0.0068960 0.0147407 
KC545388|Mbg-423-2012|2012-XX-XX                                        0.0843857 0.0843899 0.0843899 0.0843283 0.0845091 0.0844495 0.0847517 0.0843260 0.0843898 0.0843877 0.0844542 0.0846332 0.0845715 0.0854256 0.0837112 0.0848050 0.0848050 0.0849191 0.0849191 0.0849754 0.0851531 0.0840588 0.0852692 0.0852137 0.0848176 0.0849413 0.0852353 0.0867578 0.0866353 0.0867497 0.0855305 0.0862256 0.0858029 0.0858508 0.0794643 0.0794031 0.0793440 0.0792838 0.0792176 0.0793950 0.0795676 0.0794126 0.0794126 0.0793379 0.0796390 0.0798543 0.0855941 0.0855878 0.0855529 0.0825232 0.0813044 0.0813044 0.0220465 0.0232760 0.0061557 0.0067901 0.0000000 0.0001046 0.0147953 
KC545387|Mbg-422-2012|2012-XX-XX                                        0.0845071 0.0845114 0.0845114 0.0844497 0.0846306 0.0845710 0.0848732 0.0844474 0.0845113 0.0845092 0.0845756 0.0847547 0.0846929 0.0855472 0.0838325 0.0849265 0.0849265 0.0850406 0.0850406 0.0850969 0.0852747 0.0841801 0.0853909 0.0853353 0.0849392 0.0850628 0.0853569 0.0867578 0.0866353 0.0867497 0.0856522 0.0863475 0.0859247 0.0859725 0.0794643 0.0794031 0.0793440 0.0792838 0.0792176 0.0793950 0.0795676 0.0794126 0.0794126 0.0793379 0.0796390 0.0798543 0.0855941 0.0855272 0.0855529 0.0825232 0.0813044 0.0813044 0.0221552 0.0233851 0.0062615 0.0068960 0.0001046 0.0000000 0.0149027 
JX458851|MARV/H.sapiens-tc/COD/1999/02DRC|1999-XX-XX                    0.0841906 0.0841949 0.0841949 0.0841333 0.0843139 0.0842544 0.0845563 0.0841312 0.0843161 0.0843140 0.0842591 0.0844379 0.0843114 0.0850431 0.0834523 0.0844235 0.0844235 0.0846674 0.0846674 0.0847237 0.0849013 0.0838080 0.0848554 0.0847999 0.0844046 0.0845280 0.0848217 0.0864631 0.0862190 0.0863335 0.0852373 0.0858104 0.0857527 0.0855328 0.0787855 0.0787244 0.0786654 0.0786054 0.0785393 0.0787164 0.0788885 0.0787339 0.0787339 0.0786593 0.0788400 0.0791738 0.0851327 0.0852469 0.0850911 0.0818388 0.0800050 0.0800050 0.0207509 0.0220700 0.0140450 0.0147407 0.0147953 0.0149027 0.0000000 
