Map from character to field name
A:	Angola
B:	Democratic Republic of the Congo
C:	Germany
D:	Ghana
E:	Guinea
F:	Netherlands
G:	Sierra Leone
H:	Uganda
I:	?


Substitution rate (mu): 41.501434

Equilibrium frequencies (pi_i):
  A: 0.1241
  B: 0.1529
  C: 0.1154
  D: 0.1215
  E: 0.1208
  F: 0.1171
  G: 0.1257
  H: 0.1226

Symmetrized rates from j->i (W_ij):
	A	B	C	D	E	F	G	H
  A	0	1.0349	0.9983	1.1606	1.1736	0.9776	1.3206	1.0033
  B	1.0349	0	1.2755	0.9946	0.996	1.1814	1.1583	2.1583
  C	0.9983	1.2755	0	0.9771	0.9779	1.217	1.0644	1.2446
  D	1.1606	0.9946	0.9771	0	1.5351	0.966	1.1	0.9785
  E	1.1736	0.996	0.9779	1.5351	0	0.9666	1.1083	0.9795
  F	0.9776	1.1814	1.217	0.966	0.9666	0	1.0106	1.1693
  G	1.3206	1.1583	1.0644	1.1	1.1083	1.0106	0	1.0775
  H	1.0033	2.1583	1.2446	0.9785	0.9795	1.1693	1.0775	0

Actual rates from j->i (Q_ij):
	A	B	C	D	E	F	G	H
  A	0	0.1284	0.1239	0.144	0.1456	0.1213	0.1638	0.1245
  B	0.1582	0	0.195	0.1521	0.1523	0.1806	0.1771	0.33
  C	0.1152	0.1472	0	0.1128	0.1129	0.1405	0.1228	0.1437
  D	0.1411	0.1209	0.1188	0	0.1866	0.1174	0.1337	0.1189
  E	0.1417	0.1203	0.1181	0.1854	0	0.1167	0.1338	0.1183
  F	0.1145	0.1383	0.1425	0.1131	0.1132	0	0.1183	0.1369
  G	0.166	0.1456	0.1338	0.1383	0.1393	0.127	0	0.1354
  H	0.123	0.2645	0.1525	0.1199	0.12	0.1433	0.1321	0
