Map from character to field name
A:	Angola
B:	Democratic Republic of the Congo
C:	Germany
D:	Ghana
E:	Guinea
F:	Netherlands
G:	Sierra Leone
H:	Uganda
I:	?


Substitution rate (mu): 41.198897

Equilibrium frequencies (pi_i):
  A: 0.1236
  B: 0.1528
  C: 0.1155
  D: 0.1216
  E: 0.1207
  F: 0.1171
  G: 0.1262
  H: 0.1225

Symmetrized rates from j->i (W_ij):
	A	B	C	D	E	F	G	H
  A	0	1.0355	0.9967	1.1564	1.1743	0.9781	1.3185	1.0033
  B	1.0355	0	1.2695	0.9952	0.9973	1.1827	1.1633	2.158
  C	0.9967	1.2695	0	0.9766	0.9777	1.2122	1.061	1.2434
  D	1.1564	0.9952	0.9766	0	1.5352	0.9666	1.1004	0.9788
  E	1.1743	0.9973	0.9777	1.5352	0	0.9673	1.1122	0.9801
  F	0.9781	1.1827	1.2122	0.9666	0.9673	0	1.0118	1.1735
  G	1.3185	1.1633	1.061	1.1004	1.1122	1.0118	0	1.079
  H	1.0033	2.158	1.2434	0.9788	0.9801	1.1735	1.079	0

Actual rates from j->i (Q_ij):
	A	B	C	D	E	F	G	H
  A	0	0.128	0.1232	0.143	0.1452	0.1209	0.163	0.1241
  B	0.1582	0	0.194	0.152	0.1524	0.1807	0.1777	0.3297
  C	0.1151	0.1466	0	0.1128	0.1129	0.14	0.1226	0.1436
  D	0.1406	0.121	0.1187	0	0.1866	0.1175	0.1338	0.119
  E	0.1418	0.1204	0.118	0.1854	0	0.1168	0.1343	0.1183
  F	0.1145	0.1385	0.1419	0.1132	0.1133	0	0.1185	0.1374
  G	0.1664	0.1468	0.1339	0.1389	0.1404	0.1277	0	0.1362
  H	0.1229	0.2643	0.1523	0.1199	0.12	0.1437	0.1321	0
